"","Day003","Day004","Day005","Day006","Day007","Day008","Day009","Day010","Day011","Day012","Day013","Day014","Day015","Day016","Day017","Day018","Day019","Day020","Day021","Day022","Day023","Day024","Day025","Day026","Day027","Day028","Day029","Day030","Day031","Day032","Day033","Day034","Day035","Day036","Day037","Day038","Day039","Day040","Day041","Day042","Day043","Day044","Day045","Day046","Day047","Day048","Day049","Day050","Day051","Day052","Day053","Day054","Day055","Day056","Day057","Day058","Day059","Day060","Day061","Day062","Day063","Day064","Day065","Day066","Day067","Day068","Day069","Day070","Day071","Day072","Day073","Day074","Day075","Day076","Day077","Day078","Day079","Day080","Day081","Day082","Day083","Day084","Day085","Day086","Day087","Day088","Day089","Day090","Day091","Day092","Day093","Day094","Day095","Day096","Day097","Day098","Day099","Day100","Day101","Day102","Day103","Day104","Day105","Day106","Day107","Day108","Day109","Day110"
"Day003",0,0.132387568581548,0.223429533055054,0.283761959879257,0.325736641977835,0.35854356563944,0.357273466905368,0.360771365366077,0.387061828655483,0.384717079711548,0.434862567994568,0.466310332231321,0.414361749357071,0.386934668592261,0.329420427299765,0.316375785898983,0.252812292566377,0.272890241072747,0.22279366013057,0.377483253745762,0.372328597605107,0.431588472130317,0.520041938869203,0.512172111055608,0.555799961153359,0.529966850699495,0.546442941349179,0.401013433328985,0.441587336895327,0.492221000727305,0.436146879916168,0.470717327948243,0.506398422230256,0.38868677937083,0.418961552894189,0.478424468595235,0.485869581654576,0.412531168087128,0.459538422589465,0.498745653922456,0.459085178125659,0.515706220558834,0.511234397790674,0.503135561405031,0.472678017832541,0.500994721227584,0.450521445020221,0.46966382056818,0.435259252239641,0.459004319183279,0.430075656170105,0.431704976301805,0.485516246121703,0.445302366478906,0.44395338769278,0.431818255955682,0.448786675677244,0.495970269329677,0.508761533830525,0.532416235915972,0.560020981081005,0.593930667334363,0.594254796063626,0.603034556222138,0.622648692923019,0.629388879544058,0.654707147094035,0.669702062089999,0.678024369086874,0.629629580839999,0.64487596193757,0.644028446412201,0.663511688094763,0.670088086673916,0.664840195908269,0.680556367010486,0.700060758853503,0.704887266790488,0.718757866399374,0.727166494742265,0.724357992427949,0.731203747265968,0.734144451478731,0.733369010559332,0.745214095313247,0.750770299593801,0.74505591042833,0.751890828455113,0.741551075917416,0.753652704818914,0.772235802073416,0.765880856501171,0.772787288341598,0.771222943571144,0.783242133061575,0.781669512818166,0.782190775709999,0.790025003459501,0.798920009243913,0.793364717314503,0.793023554328953,0.80178949966009,0.804112275534124,0.798164719494862,0.802899160518174,0.804843255280243,0.809254108076648,0.792405342355468
"Day004",0.132387568581548,0,0.126476234976324,0.191141767543823,0.246524163021492,0.282476756097485,0.247929650412314,0.249980381161248,0.277985873547509,0.27959816249796,0.323719162116186,0.355580250054223,0.301783164293018,0.274732416540879,0.229748204199933,0.25831772799179,0.228642809371432,0.246168242995771,0.212443113036373,0.345559825730733,0.339648323773112,0.396209397763583,0.482259785553402,0.474407049861092,0.517083651886878,0.462336927826661,0.460141551878713,0.31794984313682,0.348839944174651,0.453008705253589,0.397747981990852,0.432954558353141,0.468500769496081,0.345964901276919,0.348190496460222,0.384796429362328,0.381576216348355,0.317327421425146,0.352337654608187,0.393078166715723,0.353937211837696,0.410095400026908,0.406803679821442,0.396869172240953,0.3968436765827,0.399093609785918,0.383942991600803,0.378281743999588,0.368498194395802,0.376965121966727,0.359695332511977,0.356408870769551,0.386984319553219,0.38360104911459,0.36631621012,0.405838873152971,0.45700375773457,0.503210677197773,0.515749387128523,0.540988061443934,0.566947159470399,0.601596080131911,0.601365141562096,0.610866960210543,0.629033128801451,0.636627800742747,0.664440468354499,0.677646223848388,0.687548963356883,0.638349806068191,0.653823306006153,0.652606358910893,0.67038466709363,0.679660231653941,0.673685709966947,0.689391705440303,0.708213425582493,0.714175631919988,0.725092962707112,0.732660114421286,0.731819502067205,0.737802416874756,0.741194727678001,0.74131096776776,0.7500028639525,0.756957794882988,0.752655039867739,0.759384228884359,0.749208485256238,0.76239106887812,0.779886101172201,0.77440699716,0.78039144030145,0.781387833,0.792479016741323,0.791215433138077,0.792371279268961,0.799447743488969,0.808221897053698,0.801553175134124,0.802239961219347,0.809739143479536,0.81286853195345,0.807775159064621,0.813527778157879,0.816138225979888,0.820157031746512,0.802917801325219
"Day005",0.223429533055054,0.126476234976324,0,0.0978759427141274,0.159947502473589,0.190725509411675,0.168180829601682,0.181025373999526,0.200386682827986,0.199781846453996,0.238236753442853,0.271603019659136,0.223963499424322,0.202192386205792,0.210813922151838,0.264759902321028,0.256369038912309,0.271673324447226,0.262549827246872,0.335381371763292,0.336832688946264,0.387853291741635,0.473204942804732,0.466940528133327,0.508583550805258,0.458082529219356,0.461744381611926,0.321701076421047,0.336673903086683,0.444023684337798,0.393801291919092,0.429009985208565,0.454324610339098,0.342542886459447,0.353311137162034,0.386032819661581,0.377594000468008,0.323002849139845,0.32574555935,0.319264909637229,0.293825154281185,0.330602580153305,0.337876203239932,0.326311155383789,0.322124053519832,0.330841346693308,0.311712069239477,0.306424982780403,0.307910501521172,0.298250526258771,0.317189154353414,0.318432346799329,0.321285582303574,0.33218572639673,0.33399765021328,0.405973272640492,0.460295264047779,0.505923863677529,0.51865031230722,0.54064211967067,0.569282681315392,0.603951992763466,0.603433483323965,0.614529030441564,0.631952985981041,0.639568950451802,0.665642882311518,0.679373514164047,0.688166684541935,0.643137432946764,0.65949615991362,0.658817305008529,0.675127758509999,0.685065288390081,0.678192326752872,0.69513375257561,0.71300688935574,0.720899709343023,0.733528745377291,0.738844908882612,0.735395450688677,0.746228873495226,0.744218007038721,0.747145739157814,0.756391305602692,0.761873357892382,0.757544681617575,0.762773801003558,0.754978603245927,0.766356954697009,0.78532671367932,0.779442969227644,0.78480090099924,0.784841959397212,0.797545328777975,0.794570292324864,0.796163956705288,0.803116717164922,0.810295727309051,0.80527213589,0.805352352295402,0.814118341844647,0.819494229938123,0.81370426497,0.817714606152734,0.819452532314514,0.825739540830871,0.807413431760963
"Day006",0.283761959879257,0.191141767543823,0.0978759427141274,0,0.0945739791570233,0.122298001915611,0.114114332867718,0.151749983704241,0.155013049684924,0.156470562638435,0.187560287768746,0.215725894764899,0.203704065069629,0.215820442898022,0.23089714634461,0.295717849001693,0.300532904931968,0.314168674299713,0.315590230214753,0.361875714381906,0.359671422742847,0.40969967471,0.490102824130198,0.483367484368415,0.52054136406,0.474738924066363,0.47203049735792,0.338715088849354,0.357344860366066,0.460394693073168,0.412507022856436,0.449956833584752,0.471101630674378,0.365737898287084,0.376190332259262,0.39925652492,0.389276485615804,0.347931885279781,0.340713440809778,0.324404593337292,0.300493546381971,0.312123685303758,0.290736074011917,0.29242263763722,0.283075681080754,0.288095507224238,0.316097405949425,0.28799453057204,0.311341293502123,0.298461206119785,0.326632756313568,0.327040848749906,0.326728968633663,0.333706873516635,0.340766795132516,0.417642714766972,0.471613660332839,0.517075097172073,0.529292221311182,0.549478597433789,0.577133955669256,0.61302849031385,0.61476017036541,0.623322648962601,0.640545071021567,0.650359688212237,0.674573389172576,0.688508174612707,0.696396095951784,0.656592011296058,0.670496095093066,0.670361372058129,0.688810740089335,0.697493793360337,0.6928495592715,0.7080168807054,0.722321750773883,0.730883423301345,0.741887846603237,0.746911556730124,0.745871014906353,0.751755187352342,0.749857490966253,0.7535705435645,0.76225839025,0.767680395389293,0.764903660954701,0.768519875010416,0.761138462732692,0.774732748623516,0.789870898925216,0.786763320813456,0.789218105235784,0.788892155313222,0.801468354773971,0.799211657161003,0.801199755120874,0.809655440720469,0.815022732564624,0.810958036295672,0.809873645211445,0.820527406709871,0.82293331070328,0.819878377175404,0.821715081018023,0.824980263669626,0.83001379434595,0.813009020846545
"Day007",0.325736641977835,0.246524163021492,0.159947502473589,0.0945739791570233,0,0.0644526911427245,0.094468123973617,0.165782184548932,0.162675539678349,0.140839817676618,0.183849393198608,0.196946051779389,0.219373632967294,0.230954519548489,0.255550677452499,0.328502204618914,0.345408675912537,0.359052627827331,0.363814492449124,0.394620395476816,0.385666386793208,0.42510945832478,0.509784081747446,0.500532601892615,0.541095238446095,0.486323136038192,0.483070554848183,0.366107420414917,0.383739159789016,0.479112981851031,0.448851587045991,0.464042498029409,0.494856260406445,0.393873966250897,0.393512825183864,0.411429037731086,0.401654051803323,0.367692347888762,0.353656758484878,0.347266422869453,0.327444940398764,0.332823451023206,0.299802245762456,0.304264176428246,0.286456752178046,0.299290054244823,0.319310885145124,0.304897124223602,0.31941505200881,0.314064002271696,0.336263670214023,0.340228805071966,0.342288517005303,0.339575238207822,0.35862865890738,0.422173438990437,0.477036516221097,0.521366760172735,0.533884492395124,0.553328531262899,0.581244766606686,0.617629206889851,0.617417180812006,0.626650431821597,0.643103207835052,0.652802888278409,0.675798074485182,0.68975473931881,0.700960218111317,0.677580817256801,0.688543332337709,0.690735425213508,0.710278373100467,0.715923055294834,0.714531761862907,0.723947832451663,0.733247260641314,0.741691735041548,0.749079542133727,0.754405702683514,0.757781796140656,0.760892299176961,0.757852852670674,0.768361154589887,0.770957849258158,0.777100495098733,0.774684931773671,0.77631191420967,0.776028850740806,0.786011140345062,0.795361755779305,0.792117711666739,0.793986761860256,0.795559355787289,0.806464944271616,0.803098940977822,0.807055834168164,0.811267598819422,0.817331513645246,0.812812885345075,0.813613600871289,0.822873401361917,0.82681917436623,0.823467643517632,0.827122163011103,0.82748772373291,0.832972719650749,0.815275004296589
"Day008",0.35854356563944,0.282476756097485,0.190725509411675,0.122298001915611,0.0644526911427245,0,0.105280852532896,0.170964860465387,0.164413325194932,0.145970618647407,0.181608758581356,0.198433788279961,0.22596464899387,0.245857438162625,0.27280557917364,0.347925347377397,0.372891648588052,0.385263916192379,0.387127014660807,0.410968785493494,0.403490256419826,0.436399425886458,0.515133885663635,0.505451268120218,0.543041002676589,0.495236911609333,0.490320457739226,0.384651700465384,0.388029875027162,0.479499985642193,0.459747788892987,0.47519599900376,0.49865640135496,0.405074757677025,0.40477758189,0.420142488974914,0.410920758888219,0.382165680690573,0.364478752848691,0.351658580133791,0.333521326756674,0.336224284690217,0.306048569875303,0.31120484657,0.294783724063583,0.305520066837914,0.32370099138396,0.314117441225706,0.326096275358914,0.32611994834065,0.349845832130991,0.353642356078901,0.350070394000753,0.348295533103483,0.369939398809451,0.435858322161283,0.485638523742572,0.527919106376955,0.541064960447054,0.558725360881175,0.584654867610701,0.618507940066705,0.621134740999162,0.631492584587103,0.64940928867773,0.658789295869527,0.682513798243328,0.696680040233033,0.707334291284637,0.6899974658831,0.700058561542502,0.70151272551806,0.721567931841901,0.723180419865709,0.726534984783164,0.734645423351523,0.74134412505836,0.752209940167698,0.756819591556477,0.762912264056961,0.767117198233698,0.768728892788844,0.765202179583565,0.775021473740124,0.777637868238875,0.783446175918089,0.782121785873659,0.784920239119247,0.787451837530001,0.794186834332796,0.801123095344972,0.797771746173033,0.802573445927296,0.801405284512979,0.809227192375692,0.806202213402558,0.810136075851899,0.812278547412491,0.81872753756731,0.813950974787907,0.814473321134026,0.823215556952929,0.82647667397653,0.82384896768855,0.826580496561329,0.828236869853129,0.833196385259992,0.818086469319085
"Day009",0.357273466905368,0.247929650412314,0.168180829601682,0.114114332867718,0.094468123973617,0.105280852532896,0,0.103065303231699,0.103095386305515,0.0862813014051768,0.129845196841298,0.15062880134,0.183596872694492,0.20218926236388,0.232816677100821,0.306573366712665,0.336885314023369,0.345831696384396,0.345163196046548,0.378336421967566,0.364763195137643,0.397474133537823,0.472079848463604,0.465208848341979,0.506951534115487,0.453526015217155,0.449399820279717,0.346220727002689,0.357925684481106,0.446362340545536,0.428873125575721,0.441688020916042,0.464453053627322,0.371122868862577,0.36201347627595,0.376732126736371,0.368693227813157,0.335538710393454,0.322053511442882,0.31611779425,0.297308246442973,0.300630136295031,0.266772486431669,0.270856866368228,0.28218963221052,0.269087051903454,0.319242654931268,0.283875998392097,0.320136955295017,0.301023132200382,0.335352588976738,0.333820553033375,0.307336805786146,0.340422508509893,0.347284486606108,0.423189030835957,0.48131932378556,0.530308942658864,0.538222212788455,0.560106728392199,0.5863168458414,0.615987081016481,0.621291302578639,0.635108572116351,0.650837251006509,0.66087423220813,0.684291415091594,0.698594479890549,0.70991986212229,0.69198465594078,0.70137439427,0.705812733845587,0.724300077448972,0.728117136053296,0.72948593875,0.736560620308387,0.744461823654889,0.757161191604215,0.760073187881987,0.768644206623059,0.769855644999644,0.774036926104519,0.768887794979599,0.779383041105443,0.782598306644782,0.786792055113604,0.787468268639373,0.788292561014707,0.789906067245253,0.797459056927975,0.805938056649704,0.802648198377894,0.804175581102376,0.804956603407802,0.815050978250753,0.808917430487579,0.814880819466479,0.817861713347268,0.818778979841845,0.816871165192675,0.812463265148434,0.821874790567329,0.824994651560875,0.822907075642916,0.825135482935629,0.826337159877395,0.830465120074066,0.817202776013602
"Day010",0.360771365366077,0.249980381161248,0.181025373999526,0.151749983704241,0.165782184548932,0.170964860465387,0.103065303231699,0,0.0686826921913736,0.095293789462147,0.109486109447737,0.142333383377135,0.133029821513004,0.152355675613906,0.179777008327191,0.249634142669985,0.282221921872056,0.288932013758893,0.297274727526486,0.324945568976373,0.30950289728143,0.348214015934598,0.422359657132454,0.415911544932477,0.455984429983759,0.399953345901994,0.399835825377989,0.294653588084688,0.302584616938155,0.397013664346985,0.378957706775158,0.39449357239578,0.416340399438326,0.317611566843412,0.306729530486933,0.323400136512489,0.315761413023158,0.302349061651165,0.265202522259586,0.262853437078943,0.285224930972131,0.261580171782003,0.268930847820757,0.264736672167352,0.291236409300387,0.284526425833494,0.316892969791233,0.287168712441487,0.322496876745149,0.298945790100105,0.33739402399687,0.335687497413569,0.284462255494956,0.34334845876,0.346940068826326,0.425028951067249,0.47802217804783,0.530389327211824,0.537574560951503,0.564093085885641,0.587503054375439,0.617096606150632,0.622110667922995,0.634894583030872,0.655229602501381,0.66138413143307,0.688089194187618,0.700230706585995,0.712889504468369,0.69746354152605,0.70729618228561,0.710416555801312,0.729731579905135,0.7313275261097,0.733388631856001,0.7355578590643,0.747105755471148,0.752969404840238,0.760364162068342,0.767030606879516,0.771035614366262,0.774791932461126,0.771891262316313,0.779946905082103,0.78305997085156,0.787964526460459,0.791021038346416,0.78976303835159,0.791712569522083,0.796684662124917,0.805660105706802,0.804260509884894,0.807082422579743,0.808655708714784,0.815172837907986,0.811764281634941,0.817196250193656,0.820370733664611,0.82250871186935,0.818744807960031,0.814347983305865,0.823444996024703,0.823800392218239,0.822962516880263,0.82673446726307,0.826870873684807,0.8279874733614,0.819359610600968
"Day011",0.387061828655483,0.277985873547509,0.200386682827986,0.155013049684924,0.162675539678349,0.164413325194932,0.103095386305515,0.0686826921913736,0,0.0700350743760505,0.0842427861720514,0.115223063009815,0.12852817001536,0.156641796864336,0.190889242766182,0.261585307924768,0.295501881054658,0.306978448622279,0.313677068357748,0.330900639906727,0.317272387811927,0.350830936123771,0.418574325127093,0.409781732647707,0.458721157036468,0.394372381847606,0.399942831944,0.308987632355646,0.3010341248,0.391933250863443,0.392376476282152,0.393715490772125,0.410421540273583,0.32492350323388,0.308161470618429,0.317476990832937,0.312192877314391,0.305243214433053,0.263375737243683,0.26643874208301,0.282596334735109,0.2599538366563,0.246543640335069,0.249514527552534,0.288328764522883,0.26605050734633,0.323297180641355,0.287195318624256,0.327027253246162,0.293567809053029,0.341547254196585,0.338040459963522,0.277387680898065,0.345785456579253,0.346563692105542,0.429540959431342,0.488166059018388,0.53518406151,0.543584401329129,0.562858604811857,0.587117102450132,0.61614316776374,0.621751195405674,0.636227919652733,0.652059945882178,0.661856960593382,0.685148169665921,0.700858809633931,0.711451117905474,0.704062798713674,0.713194993502906,0.717277855148482,0.735770591741321,0.737717506996395,0.738653336621761,0.746510411760988,0.7559903789761,0.766586347735331,0.769357502470742,0.776928826273346,0.77970652918,0.782344516704148,0.77866506677,0.786585643274542,0.788336651604708,0.791127666123134,0.796705980548983,0.793063456404138,0.801541024743893,0.805083026206822,0.809217662948124,0.808075743826314,0.813451958151605,0.810654404956094,0.816180701709081,0.814572413686291,0.815580330384754,0.819617677765412,0.82198300095,0.819669405630902,0.816681992237168,0.826084044695218,0.826058719688697,0.827875654190861,0.830845113003384,0.830573864565083,0.832173028391678,0.822504104521775
"Day012",0.384717079711548,0.27959816249796,0.199781846453996,0.156470562638435,0.140839817676618,0.145970618647407,0.0862813014051768,0.095293789462147,0.0700350743760505,0,0.083850625111677,0.109623238551096,0.153916502506922,0.178768399396956,0.208407734782294,0.280180619824806,0.315908863056319,0.32558217480593,0.33116080105,0.35265869526058,0.339207814582952,0.371762902199741,0.440305799446419,0.436527908395913,0.478268863878261,0.415953876416994,0.422509375392464,0.329357030716826,0.322125294562717,0.41810839102,0.416217285349567,0.416355260589572,0.435042267181526,0.347701549226523,0.329856644390052,0.341785411197343,0.337286820396687,0.308075303925025,0.285919386714296,0.288526356192885,0.286180438715724,0.269368153516163,0.240900815543432,0.250883499531237,0.287090856563661,0.269913812056195,0.319810631274415,0.289641950475138,0.325766226548978,0.291180052514426,0.342724568670423,0.341329267127427,0.276694270968301,0.347291837213264,0.352468491049426,0.431382972369902,0.487910137650242,0.535462995374451,0.543377727824019,0.566485002827833,0.590893021318179,0.619916227642307,0.624996208705,0.635597767932712,0.655265193213105,0.662541896314815,0.687735910749109,0.701565172667461,0.713412434469878,0.70755322873731,0.717059582977171,0.718319757122958,0.737094227016855,0.740459865292367,0.740905311167409,0.743798860106694,0.760029531222801,0.765184864432389,0.772588381827523,0.775649825211026,0.778655859397826,0.781944563102181,0.781150911377964,0.789231630032646,0.790441778313235,0.796204963941848,0.800033458508002,0.795356955612837,0.801579476242977,0.804105446776083,0.812152374037514,0.810865436355675,0.815324149631533,0.814881596905554,0.818047258799083,0.81826831916637,0.819701504084508,0.821074873395527,0.825394378690397,0.823514479721176,0.821577322187698,0.829651468415742,0.828787819059145,0.828054294421402,0.833196044554162,0.831949782365799,0.834513838512553,0.82422312912209
"Day013",0.434862567994568,0.323719162116186,0.238236753442853,0.187560287768746,0.183849393198608,0.181608758581356,0.129845196841298,0.109486109447737,0.0842427861720514,0.083850625111677,0,0.0543216569978272,0.11186468800217,0.141744067781534,0.183208979292252,0.254965948641175,0.292712561511219,0.307471457348836,0.344451774182777,0.319225532153615,0.301437441760334,0.334767053360043,0.382183932853822,0.378675901785533,0.421846076942655,0.357300533271797,0.363385919360451,0.292689343313659,0.278272518826391,0.367569824661621,0.376393008509353,0.372455042789413,0.377956044781771,0.312435289681254,0.294318690815869,0.29398431912882,0.286977201532086,0.325291167819879,0.27002051447,0.245316368290187,0.300771012190977,0.258529849592586,0.246324440631305,0.258471034438199,0.302213183239533,0.275253444902752,0.342433685795484,0.309694081460355,0.347739096914558,0.309349709697051,0.365520024253173,0.36398979254138,0.290095432294198,0.367662251874779,0.37549095707996,0.455872162856251,0.514321190083998,0.559772321647799,0.565025627726524,0.585764385268641,0.60912825421137,0.638899647568748,0.645301596103547,0.653234981270403,0.67165979686985,0.680817233071596,0.70545563729729,0.718734466811094,0.730935424965784,0.731232426780156,0.740398998660384,0.746752864706331,0.764582933009999,0.766848034917851,0.7674915369093,0.770454904581635,0.783726463424326,0.792993185144825,0.797680397623499,0.804091499601959,0.805577479259028,0.808948855911463,0.80592406566903,0.812533963440621,0.814153322414424,0.816670806661833,0.822828049858229,0.819881249642701,0.826210470451297,0.827538469515174,0.831260548525186,0.830575582393554,0.836178594471809,0.831947553153444,0.837410285288374,0.83639759179591,0.838172135372137,0.838876903694028,0.839479546659197,0.8396621869,0.837140790677786,0.843161264903921,0.844562774816995,0.844528896,0.848142015992278,0.847020611353825,0.847672781210761,0.839383126700804
"Day014",0.466310332231321,0.355580250054223,0.271603019659136,0.215725894764899,0.196946051779389,0.198433788279961,0.15062880134,0.142333383377135,0.115223063009815,0.109623238551096,0.0543216569978272,0,0.108170936281346,0.139669593870335,0.187737010070306,0.258417295428539,0.298152035238074,0.313604578465976,0.37232551103766,0.324232002760273,0.307089591376614,0.336596667226732,0.37495340025,0.367139890472151,0.405112665758103,0.342627073177271,0.345755008156729,0.292883580090712,0.27792746364361,0.361940772728284,0.376065444975598,0.369667601125758,0.369398553058377,0.316233976747864,0.29492702987288,0.287692309245754,0.281150642359537,0.3400136105767,0.279664800657204,0.251827808207409,0.310821500747567,0.2659121008,0.251308805298717,0.265159666885113,0.311748157026559,0.28336199039,0.355122154320283,0.318988884787025,0.358517288781889,0.320393612232135,0.375729996549365,0.37599592182816,0.299430229741017,0.376745161300512,0.387759474865102,0.469099316460436,0.528438700077725,0.572957301042136,0.57840494844054,0.59945772102203,0.62028181012684,0.652269058470421,0.656746616976865,0.666883317173325,0.683024536442679,0.692758929644609,0.717159488011816,0.730287497362926,0.744905867149593,0.749768775841269,0.758777984452061,0.764323203388249,0.782136173672178,0.785981252321808,0.785768395430712,0.788920494485224,0.80232395328593,0.808896154437133,0.81462112883171,0.822046309803559,0.822695527530887,0.82628583068216,0.823482486220882,0.828696728330556,0.830224170716605,0.832835448653343,0.8396262879,0.836934809794076,0.842571044061807,0.843938728496242,0.847463727155253,0.846369616373827,0.85049198196402,0.84755922428372,0.85333117732,0.852986323897795,0.853808986142426,0.853776716015118,0.853789164430731,0.85398282088146,0.851939865590376,0.857134542225,0.857804992207821,0.858134076631418,0.862943165663427,0.859670449344911,0.859937769582101,0.852367401542215
"Day015",0.414361749357071,0.301783164293018,0.223963499424322,0.203704065069629,0.219373632967294,0.22596464899387,0.183596872694492,0.133029821513004,0.12852817001536,0.153916502506922,0.11186468800217,0.108170936281346,0,0.0625410838165569,0.119676105928418,0.178214077535198,0.22499961809425,0.239079286156195,0.332068488280113,0.241192187655528,0.231120443409176,0.262293448557377,0.327027501310189,0.318377906544305,0.375237370356247,0.306663868045733,0.314893528707128,0.21238319700239,0.207930553597722,0.301051400692905,0.301853036318397,0.299295642818539,0.317411615241194,0.242581118025742,0.229760651450875,0.234609632397654,0.223868579565971,0.305921072337352,0.254557993729818,0.234030857221277,0.282990665310191,0.259384749742218,0.274240709759917,0.261633861107528,0.298505644067537,0.285091333761447,0.321657261575318,0.282803365389446,0.327267102629727,0.296760725697131,0.346279843269418,0.344978768026725,0.278341217123299,0.350503586251702,0.351066508777872,0.432574853680928,0.493534345625711,0.53056404748643,0.541373241745224,0.558262806057548,0.581881367784007,0.617557582606927,0.619455187299027,0.630752543115847,0.64670298352473,0.656912658245439,0.679264867076322,0.695650484155,0.707301277205365,0.700133293834483,0.710518097973158,0.713987616478591,0.733918422290643,0.73743961907556,0.736275706841098,0.743232485079729,0.755078492584695,0.766863039123497,0.769013243568901,0.774658558021268,0.779569596347715,0.780843066591916,0.778884542567739,0.786853108051971,0.787483769282125,0.789468419000527,0.79600958371612,0.793513223741356,0.797420738011271,0.802197956473846,0.805709851845258,0.803861815533536,0.8100200213281,0.807037624653156,0.812106520155637,0.810970777422836,0.814142672721374,0.816221548521946,0.821096727486261,0.816216437337352,0.818653088133654,0.826953908181248,0.83118430314435,0.831971726896721,0.833783625679142,0.833576801670818,0.837233684617325,0.824976867977876
"Day016",0.386934668592261,0.274732416540879,0.202192386205792,0.215820442898022,0.230954519548489,0.245857438162625,0.20218926236388,0.152355675613906,0.156641796864336,0.178768399396956,0.141744067781534,0.139669593870335,0.0625410838165569,0,0.0946682587324266,0.149529723968037,0.194083054426562,0.214591044185708,0.306622859129738,0.222311881476104,0.211521154481926,0.250823160796221,0.323552385517204,0.317382844471435,0.374203793841902,0.303427702093034,0.314228586554289,0.196720916134508,0.204102823167754,0.300411985460452,0.289693463936824,0.290358783716771,0.319328953678066,0.230086803116239,0.216800600871816,0.235891782126744,0.223875256865374,0.285915529725704,0.252062637238616,0.232884219100547,0.277033525788682,0.275944979419823,0.291829929436653,0.283963001203085,0.308217163814589,0.307492980678088,0.307530434525031,0.294341373096452,0.317443811466349,0.295288154325037,0.327976374557042,0.326771391833465,0.274272643761687,0.341160023789061,0.339799405515729,0.416895452697466,0.475923135760751,0.514260255129145,0.52451155048804,0.544116073030147,0.570636636893504,0.605606516978879,0.608540380529359,0.613702526226699,0.631635500914995,0.641561583555091,0.664540169743163,0.683706671964281,0.693739893002344,0.680244819434765,0.689784237512573,0.692459471887678,0.713204318348642,0.716458897221494,0.716083311689811,0.723027811265845,0.738796676822202,0.747111307960116,0.750473500109867,0.755049172098371,0.759569215774426,0.762072297209742,0.761927597274284,0.768415951320527,0.767308044108143,0.77588443621681,0.777787403332222,0.775589118277953,0.77753860791892,0.786551433600277,0.790006820082549,0.789130151830577,0.793595558483096,0.792946995570023,0.798385760331089,0.798806388768048,0.803600335427496,0.806487484187416,0.813115581081213,0.807261892232528,0.811122554658112,0.818968307546293,0.822687933739505,0.822396561541544,0.825720471183943,0.825381657015716,0.828356388162016,0.812654710243114
"Day017",0.329420427299765,0.229748204199933,0.210813922151838,0.23089714634461,0.255550677452499,0.27280557917364,0.232816677100821,0.179777008327191,0.190889242766182,0.208407734782294,0.183208979292252,0.187737010070306,0.119676105928418,0.0946682587324266,0,0.10720509097,0.138613352092921,0.158583472869515,0.247812769296326,0.198486217694008,0.184497103941551,0.246192429736079,0.330927492903273,0.32307823982677,0.378755407662044,0.307592202817683,0.32198131011966,0.184740299001145,0.20102056585402,0.303569194224375,0.27594661457,0.29140042731,0.323378829513532,0.210532379325526,0.204290123099786,0.230991310585395,0.220982516853371,0.261983150417859,0.242706938078641,0.267046947448324,0.288441378650673,0.325844779783146,0.34146618222,0.330869735973456,0.357271292650718,0.352682829833817,0.346456471585157,0.33516195793,0.326609146892661,0.324802065054527,0.325916674113259,0.32316273853939,0.313451844413432,0.348453254236062,0.331760534753435,0.392838563742501,0.447156495920406,0.488734645309774,0.50303734676,0.523674113794289,0.549969353545745,0.584785693489826,0.586513706757932,0.59137602788613,0.610711446605839,0.620052094116201,0.644287703843086,0.661414922520315,0.670750874405429,0.644837983381308,0.656248686478593,0.659320991953407,0.676428781575146,0.680553059874861,0.680923853097976,0.689815878270533,0.706859593851465,0.709152391278366,0.719364398196127,0.726603864358633,0.724748072514496,0.72933343450218,0.731792984024635,0.735224341905153,0.74022099919831,0.746782997468735,0.746322529113658,0.748508516129999,0.746123684812694,0.756455444983654,0.768657601707351,0.764184693385328,0.772291945225199,0.76954538698498,0.779970052394499,0.777978100071119,0.782094257073074,0.789215241952108,0.795848491465917,0.789221631626839,0.793299547911397,0.798705043932013,0.803715589415889,0.801842668357027,0.803825948100001,0.805768043301943,0.811564910588116,0.79605897928796
"Day018",0.316375785898983,0.25831772799179,0.264759902321028,0.295717849001693,0.328502204618914,0.347925347377397,0.306573366712665,0.249634142669985,0.261585307924768,0.280180619824806,0.254965948641175,0.258417295428539,0.178214077535198,0.149529723968037,0.10720509097,0,0.111062228653334,0.130514367177831,0.219312086287324,0.131887799954341,0.121251966967875,0.187909882993456,0.275857643411897,0.266835609127332,0.327256735899727,0.259315292303339,0.288742312798663,0.150777415923692,0.175095247863502,0.251500233396198,0.21365909629,0.23867762626,0.269711975024606,0.181574052366829,0.187661775130617,0.215374393874692,0.230838303073075,0.288727793348662,0.303898192929559,0.331395149256715,0.351479924629728,0.38198601152455,0.39798519401,0.393228581990339,0.412360769872371,0.416760539505419,0.39974307224903,0.397642014930001,0.389192338768919,0.385169112576076,0.382206124783822,0.378443744552707,0.375332319273123,0.4074961103337,0.384554091380004,0.390806841212644,0.435756122161033,0.478723111459575,0.488538411370001,0.512429003284627,0.539176412183964,0.573584300681171,0.573094174737866,0.583341009526251,0.600988955375985,0.608032931946081,0.636005245431761,0.651657157250901,0.662601789264574,0.629342814432239,0.641271944808968,0.642854936153571,0.660906979564914,0.667020922343373,0.664179612478395,0.671357713528779,0.698262349341509,0.698630552107945,0.710485953107903,0.718868373968594,0.71445706612429,0.720781604192566,0.723144899974463,0.722357770396377,0.728739864087793,0.739433858988699,0.736729815163419,0.73962348903,0.73423935225329,0.74274519102386,0.758739037128095,0.757386393735771,0.762980278304594,0.760412221055574,0.770439858134261,0.770717064920828,0.770710470613757,0.778557735042215,0.787242709695745,0.780209820446704,0.783704459600534,0.790357641272097,0.792623337426222,0.790916864296864,0.795467504410001,0.797363004442027,0.79901144336799,0.78600029149786
"Day019",0.252812292566377,0.228642809371432,0.256369038912309,0.300532904931968,0.345408675912537,0.372891648588052,0.336885314023369,0.282221921872056,0.295501881054658,0.315908863056319,0.292712561511219,0.298152035238074,0.22499961809425,0.194083054426562,0.138613352092921,0.111062228653334,0,0.0695279450381288,0.154532435422273,0.162199001066756,0.154809105787197,0.219105248456574,0.3099042222831,0.299518222897513,0.36229896337087,0.320746419049057,0.350059500180252,0.201509933571865,0.233696774046169,0.283915851535805,0.240982475671385,0.27001816298095,0.303917677404364,0.189405471398636,0.219118542210758,0.275771730598274,0.287728404112053,0.298776051619483,0.318403252630001,0.349688139916013,0.365779673479027,0.400758562174009,0.417230294858742,0.411682696568242,0.429500494011443,0.432422751504325,0.414811782666075,0.412489258798813,0.399839689158987,0.399022738783152,0.392683826793037,0.388511475282484,0.390760673262185,0.417483132672039,0.399174936348067,0.403610368920694,0.416321849600859,0.462603786897314,0.477172627997844,0.499018193092545,0.527113078919068,0.557814907119695,0.562134739384379,0.568461655542948,0.58736213589238,0.594869523262026,0.621082898325057,0.636453189007267,0.647280065248256,0.597881432480159,0.616827166715327,0.617801400019555,0.632081659049999,0.642315553226021,0.638619084014455,0.653352748152268,0.67553984449649,0.679722525781992,0.691971364576226,0.700578758172994,0.697239755668487,0.702698481357839,0.705437673328526,0.703643363652599,0.713178207961395,0.722658602602775,0.717073405507171,0.722649044114159,0.714763036148541,0.727144551228186,0.742896688293139,0.741085111960713,0.746427711187321,0.745706290970344,0.753983399327539,0.754380641363859,0.7546547215684,0.762154878255946,0.77219469496886,0.76575114937,0.764247789922319,0.775058959955624,0.776809517950044,0.771490920779999,0.77536325292337,0.779353293945517,0.784604091001077,0.768607693401156
"Day020",0.272890241072747,0.246168242995771,0.271673324447226,0.314168674299713,0.359052627827331,0.385263916192379,0.345831696384396,0.288932013758893,0.306978448622279,0.32558217480593,0.307471457348836,0.313604578465976,0.239079286156195,0.214591044185708,0.158583472869515,0.130514367177831,0.0695279450381288,0,0.135573401698389,0.155854359553572,0.154967241703801,0.211842683207244,0.302954127590752,0.292572818064629,0.367278532923564,0.333297486389995,0.360036476842404,0.212146255661818,0.24474786186958,0.280573660642015,0.23349910400401,0.264417361945865,0.307163092122287,0.198167009397973,0.228163021392282,0.285847521965014,0.300176166689006,0.307823792937705,0.33440049256008,0.363453564067721,0.380533862342124,0.413849184100178,0.43133344713588,0.426180950504262,0.444068751779967,0.448213606253098,0.431257372061281,0.4266538251356,0.411702070555873,0.414653469986828,0.401582921408112,0.396615598297595,0.402700173527149,0.426616998278533,0.407475829902963,0.41199142098588,0.408573144077043,0.456579364786527,0.468737956928125,0.492627996424779,0.519181227131817,0.552223461936867,0.554979040531073,0.56419866729039,0.581429087081164,0.589020591921232,0.612546542154761,0.629139359810001,0.640768902710728,0.589772316589999,0.610558432186369,0.609820766260491,0.625086307451881,0.636886669338271,0.632212010097127,0.646375908075188,0.665485950071602,0.673616083027361,0.684179329664215,0.690893377109908,0.68848812770508,0.696798901765453,0.699007647675921,0.696901160720608,0.708062432619346,0.713723557371393,0.710619705555403,0.71351690541281,0.710426664547105,0.720632781447428,0.738049862163928,0.735052008871324,0.7392055028774,0.738939303071306,0.750171678948765,0.747154882554715,0.74785710481,0.756350283337817,0.76350209357108,0.758628510221897,0.758797828073821,0.766269326898314,0.769205355783077,0.764897626812367,0.768614154176118,0.771733897198587,0.776318458684343,0.761814198113328
"Day021",0.22279366013057,0.212443113036373,0.262549827246872,0.315590230214753,0.363814492449124,0.387127014660807,0.345163196046548,0.297274727526486,0.313677068357748,0.33116080105,0.344451774182777,0.37232551103766,0.332068488280113,0.306622859129738,0.247812769296326,0.219312086287324,0.154532435422273,0.135573401698389,0,0.238433391770462,0.246750564371688,0.298288293362982,0.383578310756163,0.388067057897536,0.460063194234599,0.42984477665864,0.454874074162724,0.306474257756288,0.33857442661992,0.374452479343787,0.304877207994328,0.348502224242801,0.399546865933023,0.288137820796948,0.321986751547631,0.384950100503849,0.399013332989064,0.336936101053315,0.370116979982597,0.412341601475259,0.402495429559874,0.437088453915628,0.456861468959009,0.453021020336492,0.470242391872648,0.474637196395253,0.453486660201976,0.45368598042912,0.437711340873451,0.439580329348073,0.425222123414369,0.419926033615498,0.427516782532899,0.44652813650151,0.429736599437026,0.429034811119951,0.427321432841541,0.451516616828227,0.469814551828556,0.49152512492305,0.518918985237459,0.550094472039734,0.553479575073394,0.56176774373191,0.580317705140983,0.589885855810252,0.611858777581481,0.62662266499547,0.637431449284619,0.586113326989317,0.604868919143707,0.604717212017786,0.619178457337615,0.631633699892372,0.62748235981235,0.642632554008557,0.659345441183626,0.669537854298347,0.678950863445446,0.689222599579322,0.685588408804716,0.69337260006453,0.696833984994546,0.69468611394969,0.70514657220705,0.712800306368617,0.708696502052913,0.71281116482005,0.707234307124885,0.716701076704164,0.737009056738928,0.732078183556792,0.738229806372145,0.738458542896154,0.747640838722522,0.745522388538726,0.747282372074007,0.756103897430975,0.762929208973555,0.757734650184845,0.756894641846629,0.767079219760481,0.769725961414967,0.76543283926469,0.767849230668125,0.771533345140281,0.776329560045591,0.762726969005931
"Day022",0.377483253745762,0.345559825730733,0.335381371763292,0.361875714381906,0.394620395476816,0.410968785493494,0.378336421967566,0.324945568976373,0.330900639906727,0.35265869526058,0.319225532153615,0.324232002760273,0.241192187655528,0.222311881476104,0.198486217694008,0.131887799954341,0.162199001066756,0.155854359553572,0.238433391770462,0,0.0647667560981996,0.101035756564042,0.178777144593576,0.171675179372425,0.253565085540142,0.217859146493518,0.252615344881316,0.182414273345407,0.199222908677989,0.161434673593543,0.128064318054359,0.147135405544265,0.185283643550368,0.197326383800134,0.221890445812796,0.232517510999301,0.261502700125848,0.331115604493278,0.341559480863416,0.353365656659399,0.377776343572444,0.406782059198135,0.432550573012837,0.427739216621474,0.451921283286298,0.448312172538966,0.443638459216763,0.432613914472837,0.4284279164557,0.426223028173197,0.422761171697114,0.41708103640794,0.405525605385944,0.44622649179492,0.423385667740363,0.431042945342672,0.434707468973918,0.473789901162107,0.486391618682569,0.50429837654735,0.53193556753511,0.56784168995402,0.56965507934,0.580118231678398,0.597631094828048,0.605618562598029,0.63174332034292,0.651274948412667,0.659329236045934,0.628985018074115,0.64164954855075,0.642100220835369,0.661112108096611,0.665954512334926,0.665916671790021,0.673792389100642,0.696295383313038,0.703532898089624,0.709985060089454,0.714234619769999,0.713049203935697,0.720045672053999,0.721957744475829,0.721185754237881,0.727296468999093,0.733706587420002,0.734586592854693,0.735471083851322,0.73056240010482,0.739626194025208,0.75237215287981,0.749745024887519,0.756743086605405,0.756090035947075,0.763825387325276,0.763225181881713,0.764815133335287,0.76997022020345,0.77868476169668,0.773594772027736,0.776530988671006,0.78466949870323,0.789006633987386,0.785882409177858,0.789632678121053,0.791244788563133,0.794599385098974,0.781603335048908
